canine
Accuracy: 0.9960890348124185
              precision    recall  f1-score   support

           0     0.9990    0.9977    0.9983     11555
           1     0.9616    0.9838    0.9726      1299
           2     0.9977    0.9958    0.9968      7857

    accuracy                         0.9961     20711
   macro avg     0.9861    0.9924    0.9892     20711
weighted avg     0.9961    0.9961    0.9961     20711

tf learning model
Accuracy: 0.918593983873304
              precision    recall  f1-score   support

           0     0.9749    0.9293    0.9516     11555
           1     0.4916    0.8291    0.6172      1299
           2     0.9606    0.9177    0.9386      7857

    accuracy                         0.9186     20711
   macro avg     0.8090    0.8920    0.8358     20711
weighted avg     0.9392    0.9186    0.9257     20711

human
Accuracy: 0.9438767881174301
              precision    recall  f1-score   support

           0     0.9981    0.9411    0.9688     17889
           1     0.5370    0.9647    0.6899       482
           2     0.7484    0.9454    0.8354       733
           3     0.2724    0.9669    0.4250       151
           4     0.9193    0.9864    0.9516       808

    accuracy                         0.9439     20063
   macro avg     0.6950    0.9609    0.7742     20063
weighted avg     0.9693    0.9439    0.9524     20063



test human
Accuracy: 0.4387040703008063
              precision    recall  f1-score   support

           0     0.6426    0.4029    0.4953     11555
           1     0.2804    0.0462    0.0793      1299
           2     0.6698    0.5562    0.6077      7857
           3     0.0000    0.0000    0.0000         0
           4     0.0000    0.0000    0.0000         0

    accuracy                         0.4387     20711
   macro avg     0.3186    0.2011    0.2365     20711
weighted avg     0.6302    0.4387    0.5119     20711